2735200756
1038471081
3062874424
237195338
1445370626
862646241
1553522149
3030229758
2585892622
921055995
179596778
3049680014
52182544
3045514316
398866657
2536058776
2507087879
3424191052
648649973
657112792
2958904868
3134283540
1049479217
485437946
3227309811
2043480769
1077463228
235223205
1702607875
1300178643
2807649874
930415374
1307336466
1457978906
2497121275
759537520
1416787645
573102842
2902227335
2947179112
1764875411
993193656
2439016224
3412757958
1713751033
2854196310
2854196320
748782905
1564745198
2592064660
1907420346
1227973836
2744745492
295228609
865945268
895224141
2033425217
2854196312
316330084
2224050307
2500872353
2081843609
2225922941
616880254
383404676
462408745
2251142760
1065017930
341143604
3356630969
1433558760
3144586100
2515157612
2238551756
2120696343
2106489525
3407635712
2585698577
3027675602
924799178
1718671800
1556922196
2279369872
2730785040
1310266048
2109483212
2151393360
2368238611
1037495544
2097387026
2194074785
935223635
2498318717
1029074250
1494043940
517808805
807186020
937769142
3121673169
2359913042
314906876
2479644024
3417272862
2445209824
1930042619
2076326435
1748367199
1950560059
2438697676
1527821400
1367391310
54007170
2560098757
1472628344
3102158272
3131311114
3607864339
724343057
2570095668
2892701558
2941072652
3147637355
2395906087
3607864336
2647237842
2891253403
3038269823
1613173858
377805551
3375078457
844653003
798341682
3502146168
2857428093
1580979738
3490018346
3530129633
1455308975
3203823238
3482332182
1109794894
2627747624
1105450636
269233394
1814127776
3248603067
2758106446
2918611592
2046279055
2095772009
2410878857
45660545
2727862448
168920138
896985966
2542954449
3035343022
2838666101
1550144906
1329208074
2267028913
1776903567
1586689554
2444155473
1091803555
1328708876
2294863305
771661965
1559476453
1336298016
290316975
3161848763
190575615
285082045
192936448
785837156
806596299
1293176973
250207305
1540855132
2242212363
1184759314
2080275377
770055015
230879661
2118476439
1791288731
2113152834
1737957032
2034955942
2819565381
2083758114
671337967
1092574311
1912770659
3120263761
2865856591
2298524739
702282474
3616571296
2421094538
1994347335
2060405285
1604480257
3136268491
3158381275
3494610792
2178133491
1250074495
730868902
3293583833
1061919692
2435589297
2182875474
3183048912
2737623767
3434298658
3371438556
227599182
2506709902
3125595665
2567315559
1913595285
510608560
187214194
904730687
2053291002
277966400
1528509405
3315209699
1605452617
1361553602
2912392978
2769935330
212526049
2307366203
2788056947
1340967596
2152875974
2027357027
2539498996
1375810870
2854196306
2636017276
2038954385
2163770184
2091474455
3232460946
2653289474
3075446735
3413281785
2404556995
1912318766
3499395213
1695550875
3259249516
820988958
3364008214
81165614
3452984667
2974904220
2216572318
2044054027
1545194723
2990295540
1141360664
2321413139
614490746
2224563919
853291108
2228614032
2814293178
3021236065
3336776959
3475126959
2946551957
1966937451
1962811062
350110035
1760615992
2932817566
3140223062
3368362677
3036249340
2256838509
1647790064
3130935403
1274267558
981987940
2892550445
1743239054
2787602424
1703519032
1841007822
1469372346
2497910060
2506617406
2946193189
2014789704
511981164
343607702
3242650766
3523638106
3133148090
1431734892
3613919494
1601796450
2921251692
3614277062
2703728082
3495284291
2654959341
2271393464
3116459135
1528858411
2105845623
1657176773
2327318304
3376523188
2022828674
996715188
2833788040
1929660443
2358720008
3247566845
563421506
2485132442
2282623488
2871852156
2931704182
3296880195
1078526230
1316214055
1920802629
2461883417
2100911464
645266974
454105668
478428735
3021991498
870845795
674606058
956006967
2379608399
501786878
459588902
951274830
416485939
370958675
754572135
595434667
705141691
2701763731
625027883
814558051
1136218115
227905384
529824150
1482393305
3325441162
1335383123
3366393449
3123817095
1638523540
212226552
1760649035
1497629632
3420621306
3409203284
1037748638
1622842621
2272324685
3359961694
3624141259
2011895979
1289376271
1846705825
2142943422
264588708
1045477836
2847771947
485841738
2863533841
1623049700
2440336217
3069039171
2537772407
3092522427
2945837691
2750702323
919487401
2085365904
1258436470
1374407747
3227716218
1398707807
1198533402
3437788921
361634174
240960865
2146205750
2490633400
1736787941
1804415521
2947801032
1903659697
2399975091
1046978726
2123736030
2090589902
748210028
979373036
3340901941
1520381046
1726893618
3443227466
1169092667
1004080972
3190047157
1362120599
3500494270
357415503
2704153648
1742695092
3213693257
2802193850
2474476488
3439285874
2045905098
2053346264
1218982356
3604165300
347059687
2654140159
2024294963
1702238075
1878999259
2767698514
3407185535
2335668262
276508043
1417445339
811735885
2879460976
1138572614
3270319153
1058525535
3272448613
2220778153
1930615898
1626315017
2046606588
1851368384
2437468762
2816294651
1724801510
1085651811
2543984367
2779177839
1714467650
528044890
1579401288
3386058266
769109463
3317948597
3162649842
3318371533
3353637201
2164932773
1738857861
2477757251
2879519663
3008559234
3474560772
2945740165
3603182594
1559214782
1514380114
1318550650
2721618740
77204334
2431518228
3345228201
2565394063
2747406608
3092075557
512634456
2106719485
918970736
3605952572
3140852731
1091202130
1643317666
2160856721
1109725327
2250213462
1649041763
3274711854
488263240
2478494458
3381193391
2967759864
3381725061
1932038668
1582447087
3328548898
776117434
3392459947
2547897763
2035466359
772129065
3069417798
794758935
1132621979
3071922648
693097651
2926419200
1392144680
731263211
3037722166
2592925393
3494345582
2835029254
1315990507
3129744065
2812882190
1573584520
3403272671
213342463
3294282791
1758615293
1977275164
2408457611
3073441352
535507215
2399676908
476247853
260341316
1576774670
3286015971
2464066495
1912394742
1697238115
2983044542
402383646
2169717277
1706966589
2777620044
1065545886
3369542021
3390849314
2034859838
1635463656
2831232188
243316738
2816341424
2018087255
488757553
517614579
2114108170
3129064533
2437975834
3112356300
839500756
1611535146
1590987537
2138133323
3627046647
3479192560
1804799078
2434320508
3025307720
1550246213
1946213026
2054526787
2126310388
3252139296
3625839482
944048246
1772395550
3276406738
3160931673
2521029484
3559536816
3613707027
846107093
1410347794
378544779
1951115369
2722686767
2139969011
1572471530
3114408020
2191707339
3522621529
2574408440
1876898085
2552639255
1480950127
354137491
16234656
2123771078
475067942
3129816997
2860707227
2188908771
3367327980
3030918022
3637895953
2920374669
3046275837
3159812366
1061214942
1506729394
776259715
3049865710
2247126977
2642257045
2986720738
1790297429
1540016585
523322592
1436672316
1104510203
1665001717
824612336
2173342873
448466533
1428914511
3321083276
2543496185
3154137846
2100728558
724692004
2389483195
1354933539
3008722790
1900941563
3257507820
2234426072
945113373
2326129544
2898502495
2992907835
1756827923
1775713978
3618311284
2772685278
3432868760
1426692501
2834597663
2722206266
2165419357
2702567213
2652979145
1550803327
1627570168
1661134119
535879325
3313955696
1992325732
2370319730
2432703254
2092055819
1678446278
1710920293
1721056564
3479118064
1690544190
1762712213
2123077959
3613646910
2201173221
3449154086
1348563956
1024839449
1651015282
1596670656
3481871141
2653624801
1743525956
2780376141
3447559759
503471421
2154542062
625274166
1591527141
2729555659
821847530
834651147
1104504209
969384533
2012098611
837311331
3319093619
3226118088
1558984840
2225392478
2565697363
874964349
286659023
514755825
836316567
619346078
290894163
233772101
763619290
415159857
632439293
171130876
451572612
530990145
592301182
371439734
2133535926
1628974821
4823784
2449515021
1786609580
3230946339
721658961
3305312578
3365963596
3049787820
958189494
2664462649
3619427544
1550814605
1501641241
2298187839
3433807192
1963209309
2644334859
1589272749
2698865352
1697335639
1773576003
1814494807
1828248310
1906019775
2742396137
2856190569
3135267219
3406765236
877514478
1183631711
1342513644
1741081141
1943286537
2030824898
2879303992
3271440885
1960045742
2653477386
1243541662
947279491
773207108
2980196095
3320170264
1321993510
379352869
807632467
3105068045
2069131743
1941324449
2636046417
1052809997
3614084177
1312472455
1685396161
1686642877
3332460544
1330010458
2604448134
2097311967
2160571952
2194973321
1583313296
2637651422
3024539505
1223797506
1106746655
257117269
481525653
1026321241
1011933638
1532805709
1029100202
891266319
3081793025
3477626646
3601532094
1460317825
2832607866
3607864308
1752430434
1343211984
750532378
1934954762
1647808719
1711804796
1131293689
2381482569
2728013359
1973394415
1684023980
1184683653
1030008974
3063530686
3377433739
2176162881
1134701543
2240395721
2663425374
2043479279
2650143744
2797611524
3144148739
1815005705
3522189858
1527051948
1466391610
2488923293
1935995036
1229468166
3157609727
2598837598
3559849388
1963635130
861233280
2180995845
2152094615
2764434559
2016393360
3286671948
3416909913
2410948631
473175419
3445887683
1747077907
1376811306
2953002188
1831208666
947867353
1957912679
626255314
2723062719
971752339
549311944
321154904
1840644009
2912927892
1213852573
1187141865
2797007392
860284960
1724089634
1070753400
1814018031
2360985512
945982692
1101490201
201165037
2383619226
2274967887
1825234162
690749248
973516288
2093728363
2064917851
2990179336
1977125808
2671617790
2567531874
3407103853
2686304580
2010941940
1986654929
1248886154
1274555212
2677929071
2633105191
916465968
2319024022
1329382660
992457428
1851114536
1593381744
2675403082
645065762
1938145906
3306400753
2330177940
1877412033
2396923050
2984858415
1218817872
1967434660
2406122693
1554377147
2054802387
487116529
2842501084
1583349972
2972771253
2727685827
838186872
1670128304
1966276404
490870359
1805291511
347296330
279977093
2421483910
1752572023
2952507534
2742857957
2540255362
1246300758
1145199918
1099129832
601128544
3097590178
2243936838
3183172168
3051568607
2224078908
168413938
2695818724
1820448894
3046001364
2424585385
1875409467
2401816656
3085804472
1249233770
284668901
3209495324
1426575685
2379513915
2632547914
2016096153
992542327
1617194026
812423649
2552918116
1325070425
363819621
306783111
1789364429
2997834856
1914575328
3327045653
1683120520
347079476
2314829944
3379109230
1416234614
2652732208
2963474311
2602155902
2220605854
3183598041
847952848
3294493410
1982951370
1379568779
1966074634
2313347557
3045952969
2012437810
517104334
2551479901
891129752
3131210635
1720415984
778127848
2517211236
486083946
1850828492
1940383382
3082716553
724103791
2667410076
1973317415
1320904830
1693468217
1052345448
2086603357
1207102558
2387968426
191996731
1445319806
2068760911
3377151709
2928573058
2063165271
895513140
1092676214
1413173653
1073825586
1334716391
1287205807
3045892762
1957646889
2741695799
414911232
234278989
449086767
3059726874
1253889326
380306542
3216802856
2973047400
3434387866
2084000682
2106654228
1463567211
2444972632
3533550788
2438067965
3216626029
2984951714
2856055041
2315178680
991831976
3338374119
2436682321
1474196866
1571039365
2415727264
2360925747
3400654358
2836321205
1786364067
2499321274
2984575781
3155469761
2273173835
1747356960
1171492697
3398775080
2468637191
657215575
2268380836
1363379053
2598607037
2773310057
2570751328
1446490713
2859369826
1434323674
2392839947
1759814453
346075423
2248207263
1526755487
2690388940
1150215109
2602323729
835227265
1546818164
1948239700
1050246207
1735238584
1647630012
1312944831
3045219764
2812073850
1468209251
914882832
3049792818
475252989
1207902945
1355012963
2484822849
3136251461
2305752827
2842366862
1826732256
2298270071
1223469866
2440899861
1463441560
1779832056
1712607472
2757678500
2824878475
1375427938
894913346
2985301713
2411955590
2956381729
1355695942
2516088630
2804591493
3152203271
1280551478
2293859457
812433131
1794972796
2372150216
320843065
1755924775
1286764312
872677945
3230175302
2779155535
1948998380
2513643361
2952122199
2734474628
2463844930
1121731998
2405631126
1811803242
2766027654
1832452137
1971809707
2711049138
2687743945
1735709758
2976047124
1679742410
859305395
1075601688
2416763568
1779859848
743399136
1871837934
2587803857
1652287129
3378814078
1340275774
3500375112
1654675776
468712659
1420370151
2694551402
2375207542
1878229738
3377105766
2218397881
308326143
2860498140
1031079870
1196222055
778617214
1950315021
2501354729
2196620148
2036734227
2362178793
3237983825
2833754612
3187945420
1918772647
506127545
2054282947
1665682849
2244089285
963196931
2823850481
205426138
891902501
1501154586
1845969498
1127684802
2390485420
2491473539
2722276280
2604889930
953085608
1469684493
930302096
1143170144
1979167594
3094979871
2538292026
2465201398
207487551
2332431509
2680265848
3152931848
1959364573
573314924
1044404769
1415136125
1915000623
869773394
1445685921
2208266864
1812191436
1514248880
2356664343
2196065446
2915867349
2496444053
2418053116
1816408968
872868695
2960288640
2676103730
1220831184
3012905178
2821728857
1271632286
3171908259
249235617
2056357484
2830883512
2510490062
2078084241
1019021958
3305974718
2301712627
2162323843
2724238450
1437546804
2654640344
3571566396
321987126
1371439226
1300039750
1347590644
2249432383
892140375
3257578409
898004684
2765707972
2657023279
2286148414
3205306574
206254412
3591258446
1278653290
2567900986
3528214575
2784830923
3171702357
2871327092
2726351684
648947998
1933643241
3398789507
3167883588
3462352374
2756740990
3282550038
2772897154
895085864
3101784707
2799711264
2836760056
2776616526
2894124556
1282818318
1444812455
1613554978
2380090517
1577058759
2992315405
3322890998
2246734054
1356192238
2855257284
2067637329
2601258081
3431752376
2901007974
2270659554
2351739044
33007545
2690902639
3094487275
2256918238
2435661198
2386996155
2388543072
2585652853
2966592249
1523757399
2332313387
1079603305
3470325673
2878437474
3081292966
3205840462
488635684
2303166232
1796430952
3363853797
1440680193
2097494487
2622925197
3082830896
2423642740
1279906544
2643192980
3026930354
2734950867
1152510785
2922219671
2297107864
2573993087
2536383009
1503185485
1483555897
1684598427
2106229916
2580281624
3400547391
2069305202
3234576564
2662335365
1985010038
2584801432
2378748181
1752235017
2694208056
468305395
1967799471
2062839574
2270217187
602989166
3138258620
3304176831
1658271356
3520636135
2554304312
2478263806
3442203916
2873657188
873133210
2105037389
2290734274
3493420875
3051017710
2776179055
1062052147
2696348681
3509779791
2482189075
2560858685
304512537
2480973704
1477603874
1825109099
2442688675
1742075170
1849812522
1992616289
617899671
3072480552
1529966109
3345567724
2130872536
2992385575
3166836165
2728916578
3261272741
2428541930
1292815067
2498703273
1774934859
2820981825
1306739275
1611171992
3078055771
2692187280
635271211
3211383868
804170887
188502868
1989206388
3197404359
2926756362
3496150034
87142792
1905435882
529158765
1751461228
3082149657
1402171923
2063751713
2471905196
2909388410
3432897112
1022143075
2036820870
2843075941
776679743
783717620
2638094387
3071529101
3310155824
3498708117
2242839967
3207395640
3237635757
2703452620
3258147297
528954343
3258773959
2045841077
2983157371
1471979365
1969749815
3570912426
2186468586
3621454554
3142984364
1945106236
703932337
3513991531
3216958393
2522287467
3437135800
691392796
2970297668
3236932358
1703375471
3382614011
2974896500
227695269
2531614341
3538778791
1226737224
1287235494
691290875
1692842201
1511356068
3013785276
1353683936
1018094729
2995179496
1879746548
2376757064
2953957638
3114202658
3147282206
1553189137
3246547301
3412614089
2659748553
2594341583
3011433301
2479722629
160831172
2399980196
2072645817
3534624856
3613434085
2286077785
3301486620
2100321815
3526432740
1284817108
3331277589
2950908243
2671651063
3026328408
2058483833
370145982
3482235662
3120786680
3422386860
2728327991
2701903497
767161156
3112057600
251642423
2100526087
2838434101
3352946869
3502746883
3504026760
3048019230
2246165358
2789198352
1737555858
793840479
1013619348
252192281
3495056119
1953070061
256601079
2247639272
2163114613
3062309289
2117485897
2189233395
207183220
1510625730
1737590268
3491999021
3430723177
1484159664
2811241554
1705696290
2821028553
3467790438
2736374492
1019504893
2125336159
1584422494
428109854
3238347728
3609629031
1368148190
2596871147
3177868326
3081831477
3164301365
3154972336
2786456312
3377544623
2143778825
2426712246
703529142
3209628154
3316268184
3535398153
408914915
94594667
1984384832
2068260896
1621199184
2152761770
3074924674
3051775863
3541897839
1083119501
2940909123
156458389
2502205903
1792457892
1458357429
3371965763
1740323531
3243466672
2241562875
3202129258
2563129787
2907075150
3049674643
2518322655
464445149
1125722800
368232849
2137391250
3472560900
2160238497
3594907166
2063507622
2360946350
1302768113
2077986954
1940614125
663647853
3449056821
3534774109
2621617584
1366689090
3506376161
3329586127
153905186
2302764149
996447823
2135718451
2814446901
860086472
2208003907
2758358186
2939601914
2647638173
748018598
2709758725
3055529924
2703372649
3473466585
2247195255
3458347850
3239872344
3021798236
2437705849
2437714667
1709680645
2054892723
3621348308
3029833162
257795546
1913491409
1307534439
2967871694
2137689938
386849189
2142422579
193351631
1035280153
1546816640
1642460182
1663017126
1707597797
1726764369
1741851372
1915973485
1939683674
2018995917
2190119061
2734549273
2854196311
2854196324
2926871150
3166830649
3190443800
3363893468
3421253681
3475678092
3476179128
3498717800
1665171156
761192462
3156408194
1130592994
3372584773
3513205703
2339014632
3456998629
3183229820
1685390392
3237236087
2567336722
2974818003
2458878610
859447584
1096394786
3251693294
3390300380
1136056545
1063074130
1979656805
3491024545
3382753609
3526938893
1958387069
3169461831
2558188038
2593890186
2869268361
1414581144
368438604
3458734445
3465495540
3167185540
3146135710
761520555
2574074959
3486375524
2323641563
2744492669
2158321145
1162958490
3226734693
466229527
3252289652
2665720688
599757074
2188757565
3399614642
1795633551
1056544004
1391765018
2177931951
1943876763
3386398802
3140667233
1541184792
2092309465
2502109843
3496488897
3192625312
3532848452
3119274422
3127194873
1723573003
3499205497
2431565593
3397754643
3365519670
2439045381
3532433121
2781521628
405257068
3474697829
3228721435
3510158588
3129546312
2157086628
2070289216
1705382966
3086919285
2810574099
1877269031
653392203
2509379175
2291725052
2930741953
3258494747
1694670886
3501312729
3175322913
3260545445
1014783915
2586940097
3170743220
1810312239
2702596392
3466818383
1127962383
1691083575
3595943062
2101406201
2756652329
2644169985
3072257324
3235664924
1510400351
2722476794
3245746640
1815465640
3405576924
3128466140
1207623255
3054185523
2045817767
3141261373
3355868325
1140861161
1974246052
2918676288
3403760686
3153727070
1174128115
3606537360
1420079831
3387234397
1718405640
3476746465
2502701790
1159505811
3530109410
158641415
2377567355
1370126029
1637944134
2335901696
2381099759
1554151187
2582462428
180574696
3344790094
3456541275
3491175958
2290779006
2972986101
3136831691
3024674196
2442254628
3055296612
3567006842
1709785954
3387514755
1347358962
2964915959
2394893760
3382704782
3425074651
2767613670
3506588373
3489893611
3477169568
2950979467
2029523528
3547105792
3093556184
2150573062
3314559673
1723570171
1055598505
2587096331
2848673297
3041912946
3553947131
425744467
428673546
492995935
692626956
1242875483
1330274625
1339978889
1432252695
1461031357
1545212682
1590785707
1626025932
1752008331
1901425119
1925465431
2043470997
2146891279
2155395853
2157567376
2184917487
2261411599
2270287031
2422664867
2429171879
2430517264
2544003456
2645746535
2650675946
2760957231
2786419084
2793936478
2818383824
2919793925
2922862891
2939382494
2953687520
2961300633
2981068548
3156337849
3183278900
3193754397
3216967310
3228180570
3294979182
3345964796
3351883821
3359159039
3372396882
3377143872
3401863905
3403917393
3424858145
3513561288
3602314229
3615325907
368886525
647449953
1286245384
1478701843
1532244797
1543124876
1760539304
1770639527
1944221071
2055927897
2163303500
2173925043
2366231448
2410058905
2639697241
2879422279
2958702618
3150363783
3163429619
3218884823
3234916365
3308702837
3389508282
3427542935
3451704030
1175125297
1704336376
188399010
3595514103
2571541204
1757024669
3580592673
12650185
2865258412
3258962625
2640846090
2091864313
2301733570
38775470
2896887411
3320560239
791221417
925323426
3144820267
3443651758
2926422032
3606429593
2637784900
2643427516
3136234469
2430235113
3057402287
725613365
1519929865
3031614677
3320889416
3232903192
3471766721
2652669364
3403310238
1503389089
2663195927
737151981
669504818
1337016707
2824184443
3382354406
2457541058
2153798401
3596591071
439182621
308717384
3316087287
663578002
2847118568
2570612291
2558115767
1593086958
3170228728
3492213131
3137858188
3011650797
811595813
3044875476
3359856270
3397256243
2877895729
1665435471
3538203489
2716829204
867691327
2671226398
3370526350
2112626529
669864238
1494654832
1391327694
1428423001
2678771294
3461575017
2054616035
2457124463
3319526439
1516816081
2394530636
1545466037
2259749852
34952012
486006941
563198458
3253344796
3312186559
750338706
2837011920
1287543034
64770360
2673854783
1666513017
2815046026
46574329
2157125938
1093263652
3501506713
1695441426
626868081
3079376073
3177433075
946615543
1509739107
1209761807
482891171
2262542889
3553201691
3386107506
3483553297
1351690299
2515762370
2499969404
1596043678
1657290520
2953045464
2309763962
1182421998
2040477284
422447867
3523411736
2407183577
1587744913
2311404743
259241401
2589700693
2815781412
2434206769
3315646879
1442038505
3047901883
95569181
2051657912
409152923
814535930
3517897231
56783843
1668308206
1327650179
804890203
3564236985
2457451129
2637481324
2949370472
1435393788
3072723197
2940601254
2829339963
1959105813
2668294438
915910640
3024968282
1310350802
1484748343
3456430092
875973969
3497074053
570330547
1954099300
1946226250
529794509
1138044160
1919212956
201503667
595169951
2643639194
821660262
1005589391
1597377841
359490243
2024127781
1307643237
1120302155
738554580
446929903
1125706885
2245694796
2479411838
1279014391
2696646401
2735077068
2402966705
2426940393
2072731637
2306323121
1076455306
3180412726
2103069060
2053485475
2108509025
375913537
2112232194
2921776004
2830935869
935078515
1816028278
31325479
1390630078
853266595
2302705485
2839757567
3321949342
2085299909
1114186124
2093896814
1807868442
1315583075
2406988522
332842306
2608112099
758483398
272281051
2723702925
2190463660
980038031
2413158657
481509710
1142428833
1049224627
2961377503
2441258842
3311291566
2646556051
1677211090
3457687181
594833049
2630205211
1938936449
1678487192
2817479636
421739180
2451983977
648699809
3121217708
2994545127
2316276723
1072058733
13895772
1326277223
3246646166
1149774095
1713899041
2785300624
739910579
1452893757
2653508190
2407387493
3065203194
2919413036
952936461
1459324780
2042684599
1473809849
1950561243
12628568
1424891866
1084807950
3424510056
1701263394
2363370013
2759492041
928199434
2470452226
1062782500
3077546323
2767695993
208574896
3076475150
2092187241
2274231163
2781901499
2648891382
827865676
2960541761
784337297
2724669471
2421915653
2221614072
489444310
1772539397
3518577495
944132252
913710706
2726585740
1264344603
467401728
3353238623
3559449940
3135491919
3153653251
2583035206
2593742438
1697423197
3369795376
3354834728
2674039728
269053484
1420872295
1764015097
534869228
3020504090
3261857979
437542845
2689380757
3537609521
2423916623
2144275473
1339596214
1810719419
2634989081
1697963709
1294404306
2697295016
3600458074
2632223753
3140087211
2320634075
1628334776
1655094261
2248592970
1318758745
2254514273
1531883474
2558651739
2135870685
2634682550
2784645045
1076717927
2742174269
2063515853
1919477639
2675635970
2713679002
3431818088
315108508
529934719
3084706501
1941594856
1764242373
514615540
3195336979
1219940853
2839001369
3397747542
2363441501
2173606671
603834032
986874518
1335993112
892573628
3399368773
2690319800
1930677934
745179991
1498127944
1727073657
2538973462
2014612408
2489875638
2943051096
3107563881
2015782182
1281964808
1097227108
235740596
1531106347
1040631878
921321133
2867119847
2053509384
210505473
264199774
1719229782
1556754580
1013936394
841241919
275548915
1766596789
2379578464
2962321165
3249997919
2180885100
2756812115
213774910
1970755768
2420556140
1875219398
3434815174
2170460575
282444542
1877293915
2210074360
2088688913
2395539446
3214369384
2625383795
77601290
3134472344
495658040
3311811726
3605477641
2719573325
865763902
2708448171
2629472124
1575290396
3429920070
1761163085
1091672317
714728822
2443302975
3058289636
2192273304
925745928
2711714431
3442154354
3438059820
449163330
734874222
2141195760
2661045915
198944126
867270944
3613702202
3179298231
1776314384
1482538833
756771492
3428043200
3593723235
1759523664
2176914540
377995365
511674131
493268760
2730818596
1953911907
996545128
386809593
506530541
996198161
2229395822
1091923725
765106992
3303663122
2979938625
1785697943
445306404
3236786914
3223132986
2640963535
1465032555
458597629
2987408649
2286351527
3510959761
1789209890
540283527
2131353810
2737148506
2903325340
215139970
3310869268
2172692429
2970134051
2025094693
3318401687
2519414399
2960862226
1912719187
417226834
429625203
719292884
773790778
2579811648
3291564159
2841374318
459541631
1709207697
2118498596
2557154580
309340019
435257171
865811584
451892448
3045245602
351002423
1724003466
949961767
1924945281
3428465542
2148088747
2683208010
898097118
1361354693
876838239
1064205841
3104508622
3351686279
2510808465
3293225086
1312883918
3186739676
3347706952
1097276989
3087750025
3230503468
1440303842
1198726314
2927465045
3230467907
568035396
2126664577
2905234331
1226076867
2719150657
863381254
771052724
2944947159
2472352567
3464571832
2059326645
3257418526
3270842552
3465230070
1502988417
1246602551
1969192621
710423121
3413147907
3330962580
1370425488
2439717157
242589905
1512186585
1625859993
2875303340
3243186358
2732409548
813307237
2940851702
854238653
1272074467
3552352008
3036553774
2921969647
2419742243
731809678
873190180
632311253
2498324008
1612482571
3201770759
2867544435
3582887515
166403531
3194711815
1501581804
1055466319
2193023801
2181886182
3323177368
1786662457
3432589148
201175077
996866752
3587725091
3204799250
3145719652
1809353020
1621166382
2996783599
2431212585
1319763051
981471172
2089692785
1763727632
1518074598
879044212
2816246364
1044094115
1990443010
1904703248
3402004893
1760739247
708954461
1752673066
605413401
1483185406
1274574203
1607330601
1439622138
1702406136
3416356662
1707926221
778025569
2089045145
498120664
2736209098
2312571232
3079089307
1459435060
78812499
952503127
2067242544
2923185196
2904876234
1494666344
995684468
2646028257
1678314608
2524369267
2422516991
785895384
2198916845
6196574
912233577
1506725223
915920963
1791427432
2183633373
302736364
710665442
1821710082
939300207
1403899109
1465114218
2036932479
3081394176
3131575126
1465081853
188621976
3490656255
1972573058
1072898209
1276600586
2512293095
1027559124
2038972538
2756355712
1647593198
542720202
3343396128
2795906632
421881218
2909302953
1440072784
1400123627
2790728302
157020021
1135789031
2051148961
2075558261
2948898749
2937217838
2260171531
14944497
1466113802
2496569941
2429084728
916295320
2097306974
2545835597
3458636445
3049277970
2629107599
854055981
641463273
3553721516
2548487585
1032894719
2796574624
2918858578
2338525997
2442103204
2297248175
2940793858
2771394896
2653058130
591949815
576087028
2991656991
3047635705
2858107858
2910719262
2506556636
2801358710
1809272794
3037571785
2339489675
1279494626
959286902
1683906936
191585208
2900032864
1146338563
3221799957
575896348
1641415902
1424131262
929356557
2064428562
1993263235
3565366181
3155099409
2822640868
768626144
806956333
1393336197
2524019625
8650232
1851521364
2368471541
2239207490
1875410035
2655271376
2702596458
1484575874
765513511
2906423721
2864478034
1950508648
1007555427
1124507871
772320057
978314870
2784300458
1446990680
3125916519
95629328
2065955352
2272547617
824680598
3299279760
631647658
1613605969
2353486324
1004314489
357529032
1215054111
2236733776
438411489
3401444273
274647296
196333584
1077550371
1148413355
1028530022
1028572277
1084769705
291613935
1142850989
1422471200
462859946
1003484593
1094596655
1502697878
1031100459
1077550382
1044112483
1044112763
1077142871
1467145533
1498305020
1264856331
951992506
1876108780
1709413295
1558674968
1709449958
1732257828
1574638986
1582040314
1683560890
1709483213
1956282971
1930051748
1932991895
1945466617
1966319088
1958779879
1721588410
1253705641
337975967
274676911
694824772
1956665723
425289304
583559081
695384824
793456592
2016062359
2113202013
3443760276
1973392809
3481338596
1978346631
1653601701
1978970788
1820934053
1022620505
2193691812
2252194294
2759752838
2942185220
2387580498
2948789175
3492542386
3021632671
1427539010
2082970052
1328951892
905910725
1647356794
2810957408
2807108559
635974576
714145434
719350621
2213812547
1853297949
1043803170
318549942
3397919834
401722736
487177545
14258683
30553551
3229536980
2841235073
2208345234
3226815171
2047197519
1277188863
1508309760
343518813
502939916
244232504
3173576026
2118394334
2092151675
1027713130
736566846
870769021
2190327087
671453994
1598818132
2040026970
898811516
1760092746
3234907508
2433657168
1994831647
3383035375
3512135045
2075200013
2094414683
2729079985
3237547273
2335546847
2461747315
3613702204
2723581252
2992284330
3130412948
3407408170
2092570546
2198035357
3013622394
3468372036
3503889939
2046815901
2172820866
3236988089
2228616167
3266307864
3334669266
2455170010
2777185026
2551003497
2596771948
3043787372
2097373356
2147297416
2522702215
2597311996
2396736881
2656806540
2422979710
3321860375
3621304820
2595047048
3417421709
3470288490
2099948704
2253289308
3508269473
2958956447
3052263134
2099186297
2127168251
767060954
770339985
1196816405
2243134839
779895495
2473880471
2431321268
3579568651
542523525
3119459651
3457310275
1840184740
2244039249
3432408970
2118264367
2791647887
3375058064
3040385967
3063609526
1655421832
3536211803
2159922906
2709303074
3220804534
843442432
1501087501
2924304607
1265183152
1519749273
1709207651
823002002
3495974980
1022750101
1530657276
792517774
673062359
3145788070
2930319390
3076480835
2503025162
1405441700
2663515296
2803230735
1115542156
1475887300
2720378590
1043249678
1349620569
1486700671
2758934639
1828412321
952569248
346740590
3231462823
2118406954
1072445186
2194279878
3124822328
569170673
354402380
840031370
1339495715
2427249048
973444003
2415563740
3502793146
892032273
542281634
568315167
742725378
1978293516
893790194
3347790029
506323591
498110242
779564029
510258739
3604833284
1092518316
2898753991
2157013424
3203875938
1547134775
3328497384
2570258854
2913329058
827342337
2522467631
1348980969
2410604871
3106920165
3498922147
406796087
1213773624
1272468182
2092374530
1136130333
2557113653
1363876880
2547011343
2631742004
752847307
2233785340
2151802441
2213537756
1909701507
2160645352
2662488840
2215696889
1498131852
3280569311
3211967605
2305975863
438819835
1482454123
908782644
954988676
3562958922
2140678724
1504369725
2134559718
2656189478
346136787
2916323161
2736681591
2275615021
980540253
2696763336
2911271879
2447996937
1570260742
3367910667
2815002373
269453879
1298796034
1963392089
2380222638
2802468334
953413326
3091607159
2823141381
292930009
442514393
496062616
784110015
190384041
272744177
528092395
211137624
125478521
1277678294
471695185
645614414
1550745499
2280514414
957993428
965405870
1579231160
1993370685
2124873641
2985055924
1548776666
461934213
215133586
54781233
3319301679
1511288628
430408559
51741059
3286039780
2673395815
1927845647
2962761932
3607850784
2810065849
2351931180
2143754806
3215549134
352411657
757094791
925779589
3242809973
2632157867
754022174
382293096
2171353641
2158533182
1399038689
2289699752
3462252068
2818789686
758928735
2074593687
969154691
2241979224
2698938657
2726088344
1184429440
3222087294
2231342949
2684016687
2868869037
3097096696
2609269904
1179753291
49302586
1379983216
3478717200
2372742808
2824317320
1318596220
3098118049
502529367
2221015690
1453994384
2491718916
2829744563
1794431784
1281884157
450839969
2486859011
2128768347
2581940559
1574813374
1032981528
2687775091
2012433657
1494620704
2960188847
2433452145
807033760
1919975425
3535297641
970700228
447206965
3517872993
1067511224
3443424863
201776927
26645956
1119177252
2163557933
2963275154
172111989
763932080
3172544301
3380286291
544774980
2871076466
3533226550
2868965595
1366464315
2417357871
2089609322
3052434697
1900639035
710015964
306639234
2594453226
3196185541
1159908102
2329942547
2336140933
874097435
158192489
2433729438
2697964578
3174651431
3167009203
3196722213
3082800646
331384639
2689772523
2382027586
211437011
445051982
1833280378
3244520771
2970739468
3250709340
1173168068
2132895885
2636305757
122220600
3113147515
3071355322
784462203
498114414
1511919016
1427834207
1748512681
2895708858
1781557861
1746718450
1403825392
2108134782
845738851
1326559039
2970664183
1319123122
3036560251
2121423224
1849420844
2535869235
3022273938
1941739976
2760575996
3384977196
3626364463
2837727179
3342411541
1708704553
1015496038
2992331587
2172390360
1265926562
731704719
1442390516
1608523148
2423882400
2228786927
3079925565
1399707824
2733785717
3288963679
1156265911
1405187880
2685856534
2292367638
3023057748
1147033929
1928007131
1799608716
474516956
2461309067
1014864451
1437793011
1700409142
2835270808
1694106159
2383249146
1666178451
2133256394
2723006531
852561299
361593612
792502000
756576570
27041625
2913565203
2017614820
169521707
3197508673
953491029
2596889057
3403047445
3504933791
1210978133
2047214453
1057562790
1438383162
1095260944
3263771340
3250752673
1148222025
2824720636
756654803
1850700800
3601170732
1911653443
3523773184
839866208
486238881
1248909583
17944646
1489040680
1368772362
1175073347
1163475184
763619572
2148053476
2464774
2284443429
1206564386
305557770
1504262268
1455168820
1206982902
3367514758
38875921
1217791145
1351334506
1711256926
2623620616
3107181310
212666627
2517778114
3069895437
1031738781
2164851135
2103155463
1822016893
3489751565
614444249
1797906051
863360879
2384579186
3256558857
1460274562
1477526507
1649145367
1965149500
251255062
2287246936
3606855280
2405017683
3097664699
2234127114
1847541967
3318590091
250569363
68428491
1158585556
2188572393
850812571
1197484200
1060694501
180812121
1915093969
1179335355
1976735726
1972733917
510408155
502696693
690830137
2395650646
1426655245
2436255941
1935419510
2426412484
1773064905
332267515
1831043478
1679323654
1828057775
2787870007
469415435
2660730668
2859369838
3205919204
1428709942
1046330589
3537852403
2356950193
1203239083
2804928058
2829692568
2509965729
474965115
2783785201
2642566020
2861793466
1311479140
775842593
3409768352
939854843
2100681900
2237105639
1619769881
2529283400
2549280977
1502077786
46518828
2471823476
1472541386
2738541563
154649834
2680375478
1135298055
2397316640
2486830183
2171592163
2438504459
617303697
1746466971
3153609206
2287328316
819132216
47425904
2651084685
2662740339
1785334482
1207855583
1831952053
1755032902
2849915549
1904049581
3365833439
1594772322
2014865864
124055691
2627853925
377670546
1049548668
3143337890
2408978056
2073902810
2240512387
931013867
3501023695
1531263212
1335715793
2176135018
1366368626
2420443996
1403733873
2172168319
374018707
3046882231
1598573913
2847407081
1741036070
161463769
2911513380
570138078
1417251544
2047330262
3139909723
2896279082
2493474253
3250719525
996676676
1575032811
1011151000
2244856883
3216197843
2940473509
2217789823
1293967028
2900585911
1209088853
758423825
3146879118
1427825989
1829992383
2388380238
778790464
2510894277
1522787101
2177787544
2323463945
3172958282
2979665171
1779715309
2879394003
3270790778
3240274544
2362705504
504531097
3266247271
189437969
1526243482
2953430875
1437575452
3031327526
1304900450
2832175332
2930402731
3366209183
3348652021
3290819462
214738506
2772875814
2713734430
2482546229
1073576609
2078976364
741187090
1693966794
1732029718
943062568
1078428491
3060348483
363744086
2604115480
1731911863
1405423369
3334300691
2683874707
2833626615
884967679
3458530967
3112663143
3502982371
2280576616
2565338545
1743444691
3246400280
3062055402
2662815505
1405514369
3431367948
1943270546
3183884014
466869095
2708895488
489304005
2029303350
691529924
3180866512
2455343007
3281194848
3086906271
1811336593
1071554863
2677618655
3344971389
1564386890
3022693200
2755986818
2815412918
2158857631
2748744472
2057561549
3098855140
2044047679
3079478056
2272141967
3119438056
1134231116
1066261631
2037915307
363170240
3450992718
2075156758
1647259336
1107871071
2304213708
3247954276
2014439249
1708276669
2946412319
3289853617
1767448106
707678429
2629229140
2023654771
2772537995
2793925250
1923829176
2837811248
2314804631
2465202393
2164123852
2307422396
2889815938
656698383
1480573083
3328877201
2109138605
2060361070
2646467707
1024369353
3399709179
1418113681
3028248420
2178751688
1083706796
1875056177
3556238297
424987058
1340912660
2375066408
3455004297
2429519106
3390380347
2701625579
3399709391
2984797453
3180479791
2910846911
3456853219
1696704484
3544853941
2133525298
2157949514
3340512185
1684719610
3621228943
2480361388
320501310
3626828181
1747704594
2156936860
3180642753
2505789683
2759691882
2460522996
3514212510
286482224
2385222306
256372759
1607838152
2486334264
2671426649
407105851
3119376850
2193589256
1604109924
3401016327
1558342278
1356713942
2456738424
2073972428
2059340656
2034450984
2875173657
2943368651
3106214060
3256356669
2865056328
2829351705
2370796897
1745802960
2143527340
3391516434
3312382521
1450060163
192446386
3513782485
669099443
676594729
1557417969
2179033985
153283075
2491357028
3464113462
2542862838
3176130284
2944371358
2945409610
2826893773
2180856128
1744393267
2892681780
1247968080
1317477861
2646662658
2290419606
2254312774
2127317086
1706373213
2314464405
180977609
1307684177
2406861044
2380054597
1395372929
3422870737
3335320793
3443780008
197672737
1330026460
1585048162
2387189041
568012935
3149736798
2319048199
1708470564
212612961
256963056
1208982851
256923735
3545208656
2037167561
1749504439
1249908809
3409983641
3038197532
3483769427
2593693022
1538201924
3218932193
3135749077
1142023799
3186435092
2319282451
2690271141
3059894809
2129148370
1665601636
2723411433
2088908270
1354998793
2903369299
3256438143
1938832231
1484831059
318078152
2447838264
2987953914
2681800879
3269697445
2744769949
2902306170
2463245834
2863109331
3094662961
3186496613
1003054999
226077272
3436247955
983442800
3327260633
3292164128
3270016642
3244025896
2401419827
3323733532
725466336
1833602203
1102598580
1398568623
2975873523
1526332841
907132913
3125318700
1460560669
2014340858
3110721154
3290536427
3602435761
1465935137
765229767
1294666875
1745795068
2462916005
3139918328
2426131380
1844799275
1942578109
2379372717
2917301232
2140737569
2044503431
1525565955
2065901819
168652072
246524071
1992290370
2774575524
2161270038
1878298703
2351616010
2798608957
1307123382
897616912
1156618593
1151323619
2048944378
616838602
2383590188
1768480330
3059306861
2175161243
1574694906
2683542295
2144527710
2550036187
1825443956
2077538176
1270324228
2956244326
973585192
201716642
2572675311
2456469544
960467590
421397407
1762669495
1529479280
2093079719
2448137409
758614693
1845985252
2650862489
3145009401
3238277727
3368407128
3440392533
3471293847
3392457952
3370337741
3394344173
3368297051
836505895
3395160496
2236964305
3395153650
439628107
2207595483
2048297585
2981974854
2249774078
3047594524
1574495796
760350940
848399035
1836647911
909446108
2368376367
2867207014
1703393478
330724812
1436117230
2075413223
3540975133
1556786361
3085702046
3376814426
1718768985
2487944590
2434186343
2103936840
2632476967
1515171934
2305285721
1025528608
3064635951
2845683856
3070488969
3607864329
3607864350
3607864353
2205484985
3489904410
3100246133
1736832519
3030482684
2742575946
1005004512
2422669743
2573479515
3479238189
3385129486
2118707938
2973742040
1944765384
3030126242
2431880165
2223997343
1298758112
1337318105
2160960149
3434164720
523270350
3415232855
2101680690
2741186341
2992401518
1018101054
3253379229
3604606082
1714663238
2232692141
1022496622
2507417636
3467640586
3416356626
3607864306
2139765927
3607864317
1028551010
1989116769
1522968860
3607864337
161623153
3607864309
1030130606
1748973709
3607864343
865378962
251032756
1776769402
154443750
59248045
82591653
1624719031
2814550377
3400574257
2311925020
2944897640
2685481751
3251657254
3389567068
3389284274
3026151461
1637550642
2744801937
1707926248
3347825828
2258289170
2129332512
2969779394
3257793542
1447411640
401064695
1835374917
2432544502
2092452845
2928915271
3065897526
2269235925
3258911174
1085874351
3082653794
2068525392
1092727658
2839765443
2840827952
2912928713
2913396784
2513852697
1543725098
2338107461
191325638
3371805313
549171227
646573614
646635766
2708266793
771302995
277014578
2096724291
261333756
774622919
1162024781
918619280
1906217167
2183703630
2720561886
2985523253
3265034649
2487125648
2778074255
314773962
823496102
2962006615
747151395
185210163
2500503441
243779483
121547394
3130315359
3437486243
3095890242
1034906821
1121554413
3507722869
2861585348
1994786556
3593427150
2136948737
2120083211
2472597809
2972474663
3436571447
2209718199
481240687
1366658615
447351681
171480815
2590363695
2845483252
2324226843
1004165177
1029498223
1272646780
1592125295
1533797890
2246047838
1571084499
3407338204
3140055810
874594562
2752377031
3260725623
2086612253
2980109195
1690577209
51183756
3296312096
2546829287
2655255448
3507737145
1824217393
2810719755
1781585800
1523689693
2367936244
3613233011
2920760643
2659629696
912801386
3134245627
2145954076
2461386538
1051002221
371945643
1054493446
1963802469
1718344076
493248456
569412534
1139368680
3567592849
2187781631
1805609899
9500525
468004860
1735664313
1390801435
2743171182
949654471
3436505474
1297616311
3447947247
2231246726
206954957
2719324564
488099624
2103159206
2896794641
2231242037
2146392267
2734894187
3478139293
2467996440
473306101
3425213785
3534974313
3518995980
919249798
2045700837
1703605510
1732694530
2373674076
2180819294
3098801823
758263502
3419416108
446899509
619945284
971679896
1482139725
1656632838
2528858922
1702647752
3294613287
3399712252
3399729757
1354160058
3129872296
3242853935
3243181509
3276355221
1716687795
1512496864
2605452280
569244304
840015944
969529238
3280393230
1330670576
937685525
2045351938
843626549
1048390461
1500807301
3202060071
3243352338
2694782037
769668860
3221488307
1753381325
429538698
731606325
2702654856
3213450593
3319475686
394095303
2690943137
2665245944
2207711416
3531119022
759375797
282729164
863148408
2192123319
2651302723
2979838150
2879405745
2305481367
3564966157
1506376993
2775594836
1405432641
3574793107
1873705104
3462297283
1552740455
277714077
1275371322
3205295248
3481534852
2312682834
1606789617
320463560
361684573
2486351756
3201861461
1961595003
2443595528
2494475488
1040285740
2319944090
3074752609
2281708454
1145293443
2589723665
2855821706
2315715830
3122462742
2434786937
2631013317
3275656981
718947906
1685394066
1243889483
3266563008
924183094
3146493068
1991806417
3399714837
3068709828
3450921235
1877097813
2144604939
2152605223
2601218615
969272024
3419314926
2078406840
1211317963
1139325335
975782180
209787615
272064219
576239331
404298800
673635093
786871693
1151074022
3533352817
2292059436
1704360587
1666010049
3313948364
864351669
2962600614
592783247
1410398571
2911981261
2754605011
673263527
1477918872
1611954124
2327689354
464876076
495206239
915814250
194606751
1007654021
257688912
246173534
18451107
156785710
202828824
270646991
275648625
284467896
291881751
305339934
377350037
384212123
625403375
632389333
237213731
160423142
529676151
582995158
354548059
244161305
125210336
227651628
270443856
568501895
229487056
395104916
359448163
112862859
602090208
394125654
302592387
76679904
469043365
756102706
156988225
191572766
191855832
195178617
565160647
202649878
261514067
1135360140
564279374
642547357
1203415481
2631092
1638553451
1615511785
547999051
321659101
457610370
2727465798
279002724
675940853
2796241906
3472563208
1914579023
1587499989
690126636
821251924
957225877
1011756928
1339610096
1028483366
244971746
326888412
374294429
396485541
545098807
154234867
452760166
1439399256
1787399669
275572556
772494998
274643642
490794518
495486183
549003626
549991754
513751926
499934297
439866265
307052523
82355181
255974831
171713102
371990176
1342833471
1947607228
282602116
120157341
122413058
122745868
1304352263
272578000
514012117
458114311
156307501
160366879
483316250
318866715
761342882
291611090
1344791553
786421744
654868399
871966743
1475288965
1614812087
287947477
290408242
781782559
277267177
394812218
22604624
314824309
499095453
97111722
1187115848
895275838
973764889
284799886
793671183
504375374
609576951
418042756
492354697
2152525074
1564630695
227441967
1262663236
1424946284
1010660945
935506898
953143503
297995044
346116627
695612347
727923562
495787549
602982020
564475409
462248142
409609929
390046215
603442580
563792009
876526199
157174327
973825521
914919300
876482763
726776256
770251328
736856424
1009468030
784340830
838630913
851794965
435962768
806689061
541902677
240229414
351369553
463692509
392088018
526793483
519311812
1931957785
942914166
286963589
412633586
565233369
227696934
1878788638
584701914
3137895280
373090378
2326105079
3060164700
1370454399
1172293286
377322685
164938954
522862536
475245213
79870015
235757309
951101998
757265478
3215702584
2078179993
530341901
2944215363
161364535
1746642606
331051990
241357841
523550879
1754703836
790855739
331264259
418964861
3258766467
944579153
380170100
204644551
240804944
291941196
1286340409
1961459791
1624511507
462997110
317859980
18586725
2662047224
1755030323
309991166
2405653261
2633864739
784433940
1876757060
949706072
2140134596
8466564
1873603353
2499357570
1419862171
1457081
1766156235
214461379
3321478682
2818808888
260214929
1650651612
1958407263
1617209046
1517899463
3258263226
790039598
213107473
2395797976
1473588055
2493798279
1970728918
1700832466
3308824464
649079445
2893538664
1908978847
1457547156
1991956569
1827719940
1936587015
2936564654
1106455309
2801319102
2404928012
3087652503
2506236550
1634283523
934290071
2964372450
1374400403
2277983285
2734736912
6351611
3195587485
2702085762
2501672112
2937272870
2433648313
303719246
3124692563
1009397090
1443525416
2359446720
2943788131
695186700
740930610
790450473
161079794
728404405
1466541767
916884228
1011933675
921868689
982246146
416583891
783179518
1744284879
1041100673
1519077540
821124457
814207143
845813246
167274962
251742352
286196133
413016452
437723246
213037293
344125805
136640737
1426014996
180906967
321383809
775460354
1085238267
980041106
664603497
995222820
852879608
3163602965
909848195
2028200446
706494377
3513966927
997637242
2993205088
1601089163
1077550326
1084769797
1105968789
1161426591
2681008576
289458018
20592590
884201693
3576893046
594400876
461278246
706593536
915889029
2667104244
1491632307
3348469195
2043615685
31866669
2273606466
3377803427
756292091
1455374036
810340626
798401192
1474152462
280768817
2969704
1240910538
2181598968
2435756957
2475019967
2379554887
626622024
1322208961
190638398
3099263592
1798307769
1538450579
763080093
3383441440
369449382
1648335447
3194541045
100198972
1061087879
1966879255
1760578299
573938092
2901712197
2189226084
983029261
2583614922
1621858616
1048500221
298881872
1151268120
599813048
1131440272
4469725
25557848
115912960
798368581
1766648573
2640458560
812833195
1303977385
3223551367
358212700
472914843
1441406
562146039
1006464315
2037813855
1003993226
2196234797
2241172045
709869845
2024411478
3213504751
1803771838
481844970
1109505863
99866045
3112265113
441996565
1297820290
3046655914
464706454
1692944805
198957941
3417480767
3115048980
3613475911
23673520
1912232046
2437626973
739806572
710442688
26502619
484708009
2475958175
334423285
361379416
2864025191
1054565270
2101804319
3459683194
1322576920
1915183997
838153537
1601793452
1484679032
1066292743
331609513
209414787
23528419
1151320887
3180816117
2263783508
450345279
1606066736
321823255
2437009243
393700982
2185655492
1074026076
205458095
1172960050
3293645642
942928833
846510355
3481282596
502917017
67270827
1378643588
2363607268
1472121211
570317409
419030000
23500862
1608971590
1989056133
2549630284
349009748
510521676
4960116
488326018
3484784542
836192839
598141200
2807655565
1834110063
2154749863
913645891
1163925182
3512446309
2558807561
215111555
478528268
990716108
1410640532
1725932220
1732308291
2360469546
2375996753
2549330604
2587500849
2637723068
2754676419
2799425181
2862645137
2904210365
1403147235
460600243
1050317305
1554586408
605736280
841220090
3326656673
1641613633
1092569790
2373386429
2181391545
2050146354
2277853336
2687141994
2054480987
2490247124
1650335832
2779210173
3342155741
2014295865
1014372400
3090466194
3072306350
2942682611
1963806765
428290747
1987680236
1425523519
2085941274
2365486217
1344707702
2402912477
3084448442
2229440276
2662746545
2029099001
1226213955
2523033423
2512633500
494954663
2086294488
1677741533
3152863847
2209555390
1636591397
2895443144
3056402654
2144147545
2171882112
1482703617
3494816643
2146056689
2121628868
2117245804
2552930898
506642950
1205957248
805677135
691027717
1074653121
3023650299
3212654256
3343530563
2386942611
2924284038
3050224380
3390087572
3118607562
3339439326
2949219568
2684936745
3068802034
1320662262
3110265146
3122968860
3613702256
3574412296
2036019984
2929186258
2485098975
2834961234
1520618150
47134897
3151220243
2930963680
490219270
1255258796
778259253
1135649462
2579044285
1004896067
1729186169
1561582190
2056882283
1765692713
422905559
1615159485
2656594860
10242703
2102582192
1843556200
277405307
1940402443
3432845725
1343872777
1583747169
1247018354
461108907
26569582
1181734353
1171031412
1711487575
2831817050
1831302360
844121
2531747195
2827388669
279332978
2497710523
1022628655
330296616
3388322253
312856362
1344117138
3085443952
157157178
1090898605
2714059649
502419902
2982413228
1479713017
1125046060
2724195037
848799050
208029484
1187314112
298820009
2668291577
